iter stimEff contrastEff seed
1 2.7431
0.1101 3037589052
2 2.751
0.1077 2413053350
3 2.7531
0.1099 1879937161
4 2.7453
0.1085 1550685318
5 2.7418
0.1075 320976379
6 2.7404
0.1111 168773185
7 2.7523
0.1159 1261432186
8 2.7464
0.1119 2489740949
9 2.7384
0.1053 2185740774
10 2.7458
0.1122 3940089696
11 2.746
0.1088 2597870128
12 2.7434
0.1078 539547906
13 2.7485
0.1069 4211976172
14 2.7399
0.1078 2583344702
15 2.742
0.1096 3880736697
16 2.7434
0.1104 884810508
17 2.7507
0.1154 811729681
18 2.7426
0.1096 4203966265
19 2.737
0.1087 984783061
20 2.7393
0.1131 2152296881
21 2.755
0.1079 2315873857
22 2.7453
0.1072 100253955
23 2.7472
0.1082 3029083635
24 2.7512
0.1061 2667371258
25 2.7504
0.1097 388727029
26 2.7403
0.115 1212739144
27 2.7396
0.1127 3602177326
28 2.7456
0.1055 3750409681
29 2.7434
0.1103 1216459616
30 2.7458
0.1124 1877514231
31 2.7428
0.1149 3169259738
32 2.7417
0.1069 3963901053
33 2.7486
0.1093 3784696235
34 2.7458
0.1099 2256866453
35 2.7514
0.1063 2722890450
36 2.7431
0.103 2989901749
37 2.7576
0.1063 3247199130
38 2.7451
0.1039 719631169
39 2.7404
0.1129 2063642291
40 2.746
0.1075 3674647124
41 2.748
0.1113 2694048555
42 2.7431
0.1079 3384556748
43 2.7573
0.1072 2825093487
44 2.7489
0.1111 2344195309
45 2.748
0.1063 1993558092
46 2.7531
0.1125 2934938419
47 2.7457
0.1094 1448113911
48 2.7422
0.1029 1333234327
49 2.7459
0.119 3395528751
50 2.7456
0.1055 1418960922
51 2.7455
0.1108 2347762204
52 2.7401
0.1051 2822169603
53 2.7447
0.112 4060682736
54 2.7556
0.112 1044507793
55 2.7394
0.1116 3645720984
56 2.7459
0.1061 4050408054
57 2.7466
0.1063 1763298027
58 2.75
0.1135 1167055824
59 2.7447
0.1132 16858212
60 2.7452
0.1137 912790993
61 2.7445
0.1055 3462599157
62 2.7443
0.1105 118872922
63 2.7421
0.1073 2157983527
64 2.7375
0.1019 2547372125
65 2.7458
0.1099 3798694834
66 2.743
0.1054 1727040638
67 2.7437
0.1109 269036383
68 2.7456
0.1125 2609780987
69 2.7404
0.1063 3119097838
70 2.7487
0.1089 406104740
71 2.7406
0.1119 4076734235
72 2.7537
0.109 616530516
73 2.7514
0.113 1831681394
74 2.7494
0.1087 77380701
75 2.747
0.1113 1962111717
76 2.7448
0.1086 1946962536
77 2.7505
0.1088 1000806559
78 2.7432
0.11 604809328
79 2.7473
0.1102 3800595619
80 2.7448
0.1063 1911884017
81 2.7462
0.113 3459150472
82 2.7383
0.1058 419978915
83 2.7458
0.1126 963226843
84 2.7469
0.1073 1920299491
85 2.7484
0.1074 688751658
86 2.7454
0.1134 683730790
87 2.7453
0.1092 2018508258
88 2.7457
0.1103 336932024
89 2.7421
0.1042 4205412778
90 2.7558
0.1118 163811325
91 2.7522
0.1031 608660718
92 2.7411
0.111 3874727314
93 2.7518
0.1101 506333560
94 2.7472
0.1068 3291882544
95 2.7505
0.1116 3487343454
96 2.7426
0.1056 3720644338
97 2.7488
0.109 3901607360
98 2.7552
0.1172 868753795
99 2.7465
0.109 696885983
100 2.7451
0.1071 3084108513

Lowest Stim Value 2.737 in iteration 19
Lowest Contrast Value 0.1019 in iteration 64